#  All Parameters for SSRCalc version 2.0
#
#   Parameter file format:
#        - All white space is ignored (except "new-line" (\n))
#        - Parameter sets are separated by tags within angle brackets (<>)
#        - Parameters are read in separated by vertical bars (|)
#        - Comment lines denoted by the octothorpe (#), and blank lines are ignored.
#
#
<AAPARAMS>
#
#  All A.A. Specific Parameters for SSRCalc version 2.0
#
#  a. |               times                            |          | iso-electric vals   
# acid|  RC   |  RC1  |  RC2  |  RN   | RN-1   |  krh  |   mass   |c-term|n-term| pk1   
# ----|-------|-------|-------|-------|--------|-------|----------|------|------|-------
    W |  11.9 |  11.6 |  11.8 |  11.0 |  12.1  |  10.0 | 186.0790 | 3.55 | 7.50 |  0.00 
    F |  11.1 |  08.1 |  09.5 |  10.5 |  10.3  |  07.0 | 147.0638 | 3.55 | 7.50 |  0.00 
    L |  09.3 |  05.5 |  07.9 |  09.6 |  09.45 |  09.0 | 113.0840 | 3.55 | 7.50 |  0.00 
    I |  08.0 |  04.8 |  06.8 |  08.4 |  08.2  |  08.0 | 113.0840 | 3.55 | 7.50 |  0.00 
    M |  06.1 |  05.0 |  05.7 |  05.8 |  06.0  |  00.0 | 131.0400 | 3.55 | 7.00 |  0.00 
    V |  05.0 |  02.9 |  03.4 |  05.0 |  04.0  |  07.5 | 099.0680 | 3.55 | 7.44 |  0.00 
    Y |  04.9 |  04.2 |  04.5 |  04.0 |  04.4  |  03.0 | 163.0630 | 3.55 | 7.50 | 10.00 
    C |  00.4 |  00.4 |  00.0 | -00.8 | -00.5  | -04.0 | 103.0090 | 3.55 | 7.50 |  0.00 
    P |  02.0 |  01.0 |  01.5 |  00.2 |  01.8  | -04.0 | 097.0530 | 3.55 | 8.36 |  0.00 
    A |  01.4 | -00.3 |  00.1 |  00.8 |  00.1  |  01.5 | 071.0370 | 3.55 | 7.59 |  0.00 
    E |  01.0 |  00.5 |  00.0 |  00.0 | -00.1  | -07.0 | 129.0430 | 4.75 | 7.70 |  4.45 
    Z |  01.0 |  00.5 |  00.0 |  00.0 | -00.1  | -07.0 | 129.0430 | 4.75 | 7.70 |  4.45 
    T |  00.6 |  00.8 |  00.4 |  00.4 |  00.0  | -05.0 | 101.0480 | 3.55 | 6.82 |  0.00 
    B |  00.0 |  00.3 |  00.7 | -00.5 | -00.5  | -09.0 | 115.0270 | 4.55 | 7.50 |  4.05 
    D |  00.0 |  00.3 |  00.7 | -00.5 | -00.5  | -09.0 | 115.0270 | 4.55 | 7.50 |  4.05 
    Q | -00.4 | -00.8 | -00.2 | -00.9 | -01.1  | -01.0 | 128.0590 | 3.55 | 7.50 |  0.00 
    S | -00.1 |  00.8 |  00.1 | -00.8 | -01.2  | -05.0 | 087.0320 | 3.55 | 6.93 |  0.00 
    G | -00.4 |  00.2 |  00.1 | -00.9 | -00.7  | -05.0 | 057.0210 | 3.55 | 7.50 |  0.00 
    R | -01.1 |  00.5 | -01.1 | -01.3 | -01.3  | -08.0 | 156.1010 | 3.55 | 7.50 | 12.00 
    N | -00.8 |  00.2 | -00.2 | -01.2 | -01.1  | -05.0 | 114.0430 | 3.55 | 7.50 |  0.00 
    H | -01.4 |  00.1 | -00.2 | -01.3 | -01.7  | -04.0 | 137.0590 | 3.55 | 7.50 |  5.98 
    K | -01.3 | -00.7 | -01.3 | -01.9 | -02.0  | -04.6 | 128.0950 | 3.55 | 7.50 | 10.00 
    X |  00.0 |  00.0 |  00.0 |  00.0 |  00.0  |  00.0 | 000.0000 | 0.00 | 0.00 |  0.00 
# --------------------------------------------------------------------------------------
</AAPARAMS>
<ISOPARAMS>
#
#  Isoelectric to scaling conversion factors
#
#    E Range  |       
#  min | max  |   K   
# -----|------|-------
   3.8 |  4.0 | 0.880 
   4.0 |  4.2 | 0.900 
   4.2 |  4.4 | 0.920 
   4.4 |  4.6 | 0.940 
   4.6 |  4.8 | 0.960 
   4.8 |  5.0 | 0.980 
   5.0 |  6.0 | 0.990 
   6.0 |  7.0 | 0.995 
   7.0 |  8.0 | 1.005 
   8.0 |  9.0 | 1.010 
   9.0 |  9.2 | 1.020 
   9.2 |  9.4 | 1.030 
   9.4 |  9.6 | 1.040 
   9.6 |  9.8 | 1.060 
   9.8 | 10.0 | 1.080 
# --------------------
</ISOPARAMS>
<CLUSTCOMB>
#
# Cluster Combinations
#
 11     | 0.3
 15     | 0.4
 51     | 0.4
 55     | 1.9
 111    | 0.5
 115    | 0.7
 151    | 0.7
 155    | 2.1
 511    | 0.7
 515    | 2.1
 551    | 2.1
 555    | 2.8
 1111   | 0.7
 1115   | 0.9
 1151   | 0.9
 1155   | 2.2
 1511   | 0.9
 1515   | 2.2
 1551   | 0.9
 1555   | 3
 5111   | 0.9
 5115   | 2.2
 5151   | 2.2
 5155   | 3
 5511   | 2.2
 5515   | 3
 5551   | 3
 5555   | 3.5
 11111  | 0.9
 11115  | 1
 11151  | 1
 11155  | 2.3
 11511  | 1
 11515  | 2.3
 11551  | 2.3
 11555  | 3.1
 15111  | 1
 15115  | 2.3
 15151  | 2.3
 15155  | 3.1
 15511  | 2.3
 15515  | 3.1
 15551  | 3.1
 15555  | 3.6
 51111  | 1.0
 51115  | 2.3
 51151  | 2.3
 51155  | 3.1
 51511  | 3.6
 51515  | 2.3
 51551  | 3.1
 51555  | 3.6
 55111  | 2.3
 55115  | 3.1
 55151  | 3.1
 55155  | 3.6
 55511  | 3.1
 55515  | 3.6
 55551  | 3.6
 55555  | 4.0
 111111 | 1.1
 111115 | 1.7
 111151 | 1.7
 111155 | 2.5
 111511 | 1.7
 111515 | 2.5
 111551 | 2.5
 111555 | 3.3
 115111 | 1.7
 115115 | 2.5
 115151 | 2.5
 115155 | 3.3
 115511 | 2.5
 115515 | 3.3
 115551 | 3.3
 115555 | 3.7
 151111 | 1.7
 151115 | 2.5
 151151 | 2.5
 151155 | 3.3
 151511 | 2.5
 151515 | 3.3
 151551 | 3.3
 151555 | 3.7
 155111 | 2.5
 155115 | 3.3
 155151 | 3.3
 155155 | 3.7
 155511 | 3.3
 155515 | 3.7
 155551 | 3.7
 155555 | 4.1
 511111 | 1.7
 511115 | 2.5
 511151 | 2.5
 511155 | 3.3
 511511 | 2.5
 511515 | 3.3
 511551 | 3.3
 511555 | 3.7
 515111 | 2.5
 515115 | 3.3
 515151 | 3.3
 515155 | 3.7
 515511 | 3.3
 515515 | 3.7
 515551 | 3.7
 515555 | 4.1
 551111 | 2.5
 551115 | 3.3
 551151 | 3.3
 551155 | 3.7
 551511 | 3.3
 551515 | 3.7
 551551 | 3.7
 551555 | 4.1
 555111 | 3.3
 555115 | 3.7
 555151 | 3.7
 555155 | 4.1
 555511 | 3.7
 555515 | 4.1
 555551 | 4.1
 555555 | 4.5
</CLUSTCOMB>
