-inf	-10.00	0.07
-10.00	-9.80	0.00
-9.80	-9.60	0.02
-9.60	-9.40	0.01
-9.40	-9.20	0.00
-9.20	-9.00	0.00
-9.00	-8.80	0.02
-8.80	-8.60	0.01
-8.60	-8.40	0.00
-8.40	-8.20	0.02
-8.20	-8.00	0.01
-8.00	-7.80	0.04
-7.80	-7.60	0.07
-7.60	-7.40	0.06
-7.40	-7.20	0.04
-7.20	-7.00	0.04
-7.00	-6.80	0.07
-6.80	-6.60	0.09
-6.60	-6.40	0.13
-6.40	-6.20	0.05
-6.20	-6.00	0.13
-6.00	-5.80	0.13
-5.80	-5.60	0.23
-5.60	-5.40	0.12
-5.40	-5.20	0.24
-5.20	-5.00	0.23
-5.00	-4.80	0.22
-4.80	-4.60	0.32
-4.60	-4.40	0.39
-4.40	-4.20	0.43
-4.20	-4.00	0.33
-4.00	-3.80	0.53
-3.80	-3.60	0.54
-3.60	-3.40	0.48
-3.40	-3.20	0.58
-3.20	-3.00	0.51
-3.00	-2.80	0.72
-2.80	-2.60	0.60
-2.60	-2.40	1.16
-2.40	-2.20	1.23
-2.20	-2.00	1.47
-2.00	-1.80	1.97
-1.80	-1.60	2.42
-1.60	-1.40	3.51
-1.40	-1.20	6.55
-1.20	-1.00	11.04
-1.00	-0.80	17.10
-0.80	-0.60	24.68
-0.60	-0.40	42.08
-0.40	-0.20	72.97
-0.20	0.00	84.95
0.00	0.20	67.85
0.20	0.40	48.58
0.40	0.60	30.97
0.60	0.80	19.48
0.80	1.00	10.95
1.00	1.20	8.05
1.20	1.40	5.26
1.40	1.60	3.51
1.60	1.80	3.18
1.80	2.00	3.02
2.00	2.20	3.22
2.20	2.40	2.79
2.40	2.60	2.76
2.60	2.80	1.92
2.80	3.00	1.72
3.00	3.20	1.13
3.20	3.40	0.95
3.40	3.60	0.85
3.60	3.80	0.81
3.80	4.00	0.52
4.00	4.20	0.46
4.20	4.40	0.36
4.40	4.60	0.40
4.60	4.80	0.27
4.80	5.00	0.37
5.00	5.20	0.32
5.20	5.40	0.27
5.40	5.60	0.18
5.60	5.80	0.14
5.80	6.00	0.10
6.00	6.20	0.17
6.20	6.40	0.16
6.40	6.60	0.09
6.60	6.80	0.11
6.80	7.00	0.06
7.00	7.20	0.10
7.20	7.40	0.09
7.40	7.60	0.02
7.60	7.80	0.02
7.80	8.00	0.02
8.00	8.20	0.02
8.20	8.40	0.03
8.40	8.60	0.01
8.60	8.80	0.00
8.80	9.00	0.02
9.00	9.20	0.00
9.20	9.40	0.02
9.40	9.60	0.02
9.60	9.80	0.01
9.80	10.00	0.01
10.00	inf	0.01
