-inf	-10.00	0.01
-10.00	-9.80	0.00
-9.80	-9.60	0.00
-9.60	-9.40	0.00
-9.40	-9.20	0.00
-9.20	-9.00	0.00
-9.00	-8.80	0.00
-8.80	-8.60	0.00
-8.60	-8.40	0.00
-8.40	-8.20	0.00
-8.20	-8.00	0.00
-8.00	-7.80	0.00
-7.80	-7.60	0.00
-7.60	-7.40	0.00
-7.40	-7.20	0.01
-7.20	-7.00	0.01
-7.00	-6.80	0.02
-6.80	-6.60	0.00
-6.60	-6.40	0.02
-6.40	-6.20	0.01
-6.20	-6.00	0.01
-6.00	-5.80	0.02
-5.80	-5.60	0.00
-5.60	-5.40	0.03
-5.40	-5.20	0.02
-5.20	-5.00	0.00
-5.00	-4.80	0.02
-4.80	-4.60	0.04
-4.60	-4.40	0.03
-4.40	-4.20	0.07
-4.20	-4.00	0.09
-4.00	-3.80	0.09
-3.80	-3.60	0.15
-3.60	-3.40	0.43
-3.40	-3.20	1.02
-3.20	-3.00	2.88
-3.00	-2.80	8.09
-2.80	-2.60	11.91
-2.60	-2.40	11.39
-2.40	-2.20	5.93
-2.20	-2.00	4.38
-2.00	-1.80	3.28
-1.80	-1.60	2.60
-1.60	-1.40	4.02
-1.40	-1.20	4.44
-1.20	-1.00	7.90
-1.00	-0.80	15.09
-0.80	-0.60	19.74
-0.60	-0.40	27.94
-0.40	-0.20	47.06
-0.20	0.00	45.72
0.00	0.20	28.82
0.20	0.40	31.05
0.40	0.60	44.30
0.60	0.80	50.39
0.80	1.00	53.83
1.00	1.20	27.44
1.20	1.40	13.48
1.40	1.60	10.12
1.60	1.80	5.57
1.80	2.00	3.61
2.00	2.20	2.33
2.20	2.40	1.85
2.40	2.60	0.94
2.60	2.80	0.60
2.80	3.00	0.33
3.00	3.20	0.16
3.20	3.40	0.12
3.40	3.60	0.11
3.60	3.80	0.07
3.80	4.00	0.07
4.00	4.20	0.04
4.20	4.40	0.03
4.40	4.60	0.03
4.60	4.80	0.01
4.80	5.00	0.03
5.00	5.20	0.02
5.20	5.40	0.02
5.40	5.60	0.00
5.60	5.80	0.02
5.80	6.00	0.01
6.00	6.20	0.01
6.20	6.40	0.01
6.40	6.60	0.01
6.60	6.80	0.01
6.80	7.00	0.01
7.00	7.20	0.00
7.20	7.40	0.01
7.40	7.60	0.01
7.60	7.80	0.00
7.80	8.00	0.00
8.00	8.20	0.00
8.20	8.40	0.01
8.40	8.60	0.00
8.60	8.80	0.00
8.80	9.00	0.00
9.00	9.20	0.00
9.20	9.40	0.00
9.40	9.60	0.00
9.60	9.80	0.00
9.80	10.00	0.00
10.00	inf	0.00
