-inf	-10.00	0.00
-10.00	-9.80	0.00
-9.80	-9.60	0.00
-9.60	-9.40	0.01
-9.40	-9.20	0.00
-9.20	-9.00	0.00
-9.00	-8.80	0.00
-8.80	-8.60	0.00
-8.60	-8.40	0.00
-8.40	-8.20	0.00
-8.20	-8.00	0.00
-8.00	-7.80	0.00
-7.80	-7.60	0.00
-7.60	-7.40	0.00
-7.40	-7.20	0.00
-7.20	-7.00	0.02
-7.00	-6.80	0.01
-6.80	-6.60	0.01
-6.60	-6.40	0.00
-6.40	-6.20	0.03
-6.20	-6.00	0.02
-6.00	-5.80	0.01
-5.80	-5.60	0.03
-5.60	-5.40	0.03
-5.40	-5.20	0.02
-5.20	-5.00	0.06
-5.00	-4.80	0.04
-4.80	-4.60	0.05
-4.60	-4.40	0.06
-4.40	-4.20	0.08
-4.20	-4.00	0.06
-4.00	-3.80	0.18
-3.80	-3.60	0.32
-3.60	-3.40	0.35
-3.40	-3.20	0.52
-3.20	-3.00	1.63
-3.00	-2.80	3.66
-2.80	-2.60	5.85
-2.60	-2.40	9.15
-2.40	-2.20	8.37
-2.20	-2.00	7.53
-2.00	-1.80	7.91
-1.80	-1.60	6.86
-1.60	-1.40	8.33
-1.40	-1.20	9.42
-1.20	-1.00	12.20
-1.00	-0.80	17.34
-0.80	-0.60	16.63
-0.60	-0.40	18.04
-0.40	-0.20	24.24
-0.20	0.00	26.00
0.00	0.20	37.57
0.20	0.40	41.84
0.40	0.60	74.56
0.60	0.80	65.47
0.80	1.00	46.87
1.00	1.20	27.87
1.20	1.40	9.30
1.40	1.60	4.92
1.60	1.80	1.89
1.80	2.00	1.21
2.00	2.20	0.79
2.20	2.40	0.52
2.40	2.60	0.46
2.60	2.80	0.28
2.80	3.00	0.18
3.00	3.20	0.21
3.20	3.40	0.19
3.40	3.60	0.13
3.60	3.80	0.09
3.80	4.00	0.09
4.00	4.20	0.04
4.20	4.40	0.06
4.40	4.60	0.07
4.60	4.80	0.02
4.80	5.00	0.04
5.00	5.20	0.03
5.20	5.40	0.03
5.40	5.60	0.03
5.60	5.80	0.04
5.80	6.00	0.02
6.00	6.20	0.02
6.20	6.40	0.03
6.40	6.60	0.00
6.60	6.80	0.01
6.80	7.00	0.01
7.00	7.20	0.01
7.20	7.40	0.03
7.40	7.60	0.01
7.60	7.80	0.00
7.80	8.00	0.00
8.00	8.20	0.00
8.20	8.40	0.00
8.40	8.60	0.00
8.60	8.80	0.00
8.80	9.00	0.00
9.00	9.20	0.00
9.20	9.40	0.00
9.40	9.60	0.00
9.60	9.80	0.00
9.80	10.00	0.00
10.00	inf	0.01
