-inf	-10.00	0.07
-10.00	-9.80	0.00
-9.80	-9.60	0.00
-9.60	-9.40	0.00
-9.40	-9.20	0.01
-9.20	-9.00	0.00
-9.00	-8.80	0.01
-8.80	-8.60	0.01
-8.60	-8.40	0.06
-8.40	-8.20	0.00
-8.20	-8.00	0.01
-8.00	-7.80	0.01
-7.80	-7.60	0.00
-7.60	-7.40	0.03
-7.40	-7.20	0.09
-7.20	-7.00	0.12
-7.00	-6.80	0.10
-6.80	-6.60	0.09
-6.60	-6.40	0.15
-6.40	-6.20	0.15
-6.20	-6.00	0.12
-6.00	-5.80	0.20
-5.80	-5.60	0.21
-5.60	-5.40	0.25
-5.40	-5.20	0.25
-5.20	-5.00	0.35
-5.00	-4.80	0.36
-4.80	-4.60	0.29
-4.60	-4.40	0.32
-4.40	-4.20	0.54
-4.20	-4.00	0.46
-4.00	-3.80	0.28
-3.80	-3.60	0.56
-3.60	-3.40	0.73
-3.40	-3.20	0.82
-3.20	-3.00	0.63
-3.00	-2.80	1.01
-2.80	-2.60	0.87
-2.60	-2.40	1.26
-2.40	-2.20	1.29
-2.20	-2.00	2.14
-2.00	-1.80	2.61
-1.80	-1.60	2.47
-1.60	-1.40	3.90
-1.40	-1.20	6.21
-1.20	-1.00	10.60
-1.00	-0.80	12.81
-0.80	-0.60	22.15
-0.60	-0.40	37.13
-0.40	-0.20	75.49
-0.20	0.00	91.97
0.00	0.20	85.79
0.20	0.40	42.66
0.40	0.60	25.17
0.60	0.80	14.28
0.80	1.00	8.42
1.00	1.20	5.81
1.20	1.40	3.81
1.40	1.60	3.44
1.60	1.80	3.11
1.80	2.00	3.77
2.00	2.20	3.25
2.20	2.40	3.03
2.40	2.60	2.34
2.60	2.80	2.82
2.80	3.00	2.05
3.00	3.20	1.88
3.20	3.40	1.59
3.40	3.60	1.35
3.60	3.80	0.84
3.80	4.00	0.89
4.00	4.20	0.44
4.20	4.40	0.37
4.40	4.60	0.34
4.60	4.80	0.41
4.80	5.00	0.26
5.00	5.20	0.39
5.20	5.40	0.31
5.40	5.60	0.25
5.60	5.80	0.19
5.80	6.00	0.27
6.00	6.20	0.12
6.20	6.40	0.14
6.40	6.60	0.10
6.60	6.80	0.16
6.80	7.00	0.06
7.00	7.20	0.15
7.20	7.40	0.12
7.40	7.60	0.07
7.60	7.80	0.07
7.80	8.00	0.04
8.00	8.20	0.07
8.20	8.40	0.04
8.40	8.60	0.02
8.60	8.80	0.00
8.80	9.00	0.04
9.00	9.20	0.00
9.20	9.40	0.00
9.40	9.60	0.05
9.60	9.80	0.02
9.80	10.00	0.02
10.00	inf	0.01
